is_addition,old_file_path,new_file_path,line_num,content
True,src/main/java/org/apache/commons/codec/language/bm/Rule.java,src/main/java/org/apache/commons/codec/language/bm/Rule.java,313,* @since 1.9
True,src/main/java/org/apache/commons/codec/language/bm/Rule.java,src/main/java/org/apache/commons/codec/language/bm/Rule.java,331,* @since 1.9
